500	100	100	50	
186.71227109207888	10.810293114431834	14.720637508999035	29.895372425460913	213.18757533459848
101.55105312984314	63.191321033574155	14.491571605986447	48.55944478314426	178.46482571645765
311.40805379992565	99.19888585750022	10.112567086664592	37.31070737484906	24.993996748036533
95.54422957010061	9.463965414913499	15.659374785777572	55.21757071658111	175.2541721601965
484.1990328290394	66.52676104254965	13.422481076445266	51.45721714040458	67.37947070711317
462.55560129617106	58.93836138303966	17.655693698920352	26.122176307379753	61.68071614323927
454.7044573205473	46.35300264367406	11.480683940559102	57.31121526107827	250.01518484303628
256.51721490899956	91.28247441900349	18.797629631536218	48.78006875505294	247.08691681928394
102.50344326503091	19.727789230932714	14.853794203598571	44.71843197837508	105.86782524022547
409.53665568910645	53.17860371906941	11.379970319821158	49.187107676625004	40.56324223878522
7.719532089770221	62.70651775183127	15.707627148565248	37.23535069886845	123.05541124816465
499.09522039156406	15.871525349151593	13.38223738333589	39.118489029908375	0.046863207634393333
286.33845036820617	4.998638868950489	18.978042971367067	55.347002677796524	275.5858127795525
25.46867377018991	62.33316332156552	14.890026938021617	36.535152207790006	248.41786485630334
219.77228413157667	74.28829538049622	18.386710546325688	56.81404187984845	238.94632546952633
193.94256801437447	22.36185800052779	12.614584673503492	30.72219577792332	344.54669630415503
420.6878052914767	35.28162711018372	18.869953004013595	59.88633005991637	234.05251627584818
42.82902393367316	23.195498932533688	11.60137978986002	25.696197413836202	319.5798036074715
219.0455580775677	61.006939830542315	11.320928568842717	53.91376567424297	228.89251850492704
317.7218786219798	41.33475617953998	13.75000982430607	55.66431471942576	66.18670615012688
78.85742568606874	64.12933003994698	11.523006677264512	32.692531529153854	348.5663619805716
381.14040068799363	67.65897945565064	17.754937657507774	59.87530849808326	323.8978968420213
438.4802194651233	77.40773141473915	19.377150527626814	29.692230129448053	129.21637706685758
89.44970651852418	27.24751705430364	13.210787936045811	25.355543844920007	341.5228623485762
127.77950440517132	82.4111939524301	16.312962478480575	41.987041022116486	120.64158071082788
221.21318729063927	52.71489687209754	10.622538788228558	58.48487272569851	292.2123521058901
145.6277476103391	64.67946876830297	11.229832287691213	54.427721622164555	129.00708735491673
58.95813802945832	78.9024014416803	15.981185770906109	30.69890421241025	68.09300167132996
41.451745593406756	57.56847269242344	13.793043710390533	29.41995953124636	33.34192444586913
499.13834047673873	37.371597861943265	15.571099194794263	37.94873514997374	242.53836423252406
34.76895090088972	32.55065393173021	19.54618484377169	40.836679191990704	347.51370105400963
6.1425173230512105	59.636564423350954	16.932377446607582	58.50857406618223	45.63961359548813
450.01412705813124	5.802817622775858	15.514629423715604	56.89626118478897	8.200261692326372
41.75348475905655	57.321072045399745	17.135654413319656	23.61565935923364	132.25453308916784
116.72362032191336	13.084490833658935	19.879652564494165	41.03122068519479	210.4025918231056
423.7083344546369	22.886088595833144	10.890141274938061	24.51724190245949	45.14726331748118
350.3888791652024	12.768516095091975	11.144345694560853	29.12314890838517	295.36170548953896
359.1946384662641	10.993214831120145	13.272896646825917	46.5713059608888	54.49064011658376
243.63247282436524	80.34906971964625	17.473714237727204	57.005586629520096	90.89021720893396
475.25589177254943	33.62394704714055	12.219259140745798	59.24374208979557	195.05471656879396
394.7566933195697	67.49327524090573	13.34305794957227	33.315875557881675	145.2061723191332
478.57101895165744	58.502856355755185	15.914786200841302	30.10749392137206	224.63922427345773
465.6161108794083	58.41050026778836	16.531359834327358	28.946719464227172	144.11979833091556
415.6005908983023	9.948159576167681	15.532658965971091	59.378741350989515	205.88035875220774
66.03229564848473	35.851593200053934	12.839228585190863	36.91535247722865	126.68199034282476
194.1327545113395	69.04787110962364	12.959060377722583	47.09658666904453	165.89581548522844
426.6837200648637	64.76181252852737	16.133535387729022	27.837665823816273	117.71804399177731
480.8665371767622	97.37838484919496	16.818979094572995	59.04777357024719	347.3704282669469
477.8159811432291	15.720244457977007	10.495635275517554	24.809464438108574	133.08736074475763
158.2313275049602	15.841109181097524	17.017255528196518	42.10033867566695	119.52913944957933
353.50569154074435	10.066016728759697	12.938161125088554	24.929044628808782	160.37914484110684
113.84050297515374	1.4682433149849183	12.411586042388134	31.65432963207217	10.933632857942532
66.39397848363498	69.81521652511286	13.430807525549952	23.64308415925585	330.6588791364543
398.7672204450175	93.8681976169657	10.409782352590456	48.17372170987845	31.381200272719795
368.7856254038458	75.97617434018223	16.63278863845948	34.28261106027215	132.60117062319205
192.19151112758516	53.149524332702605	15.156501440708237	27.663375026649895	155.0156309163471
28.899572461338064	75.74938342718833	16.277802427219346	55.63873358151018	191.67780729979677
42.04247887543227	58.84099371522132	13.135278884786139	35.2402470792793	98.3386273086064
347.5014929439943	37.726437657288294	12.821757780117153	47.766411107690075	268.0848950357753
210.37122597734538	73.8420959833359	16.359719245362463	38.57271377326381	187.47826236151397
301.5888923497747	22.34377268098435	16.077366998028182	40.21740267177957	296.88203252356607
497.3154743828729	12.412819876750337	12.139339523770566	32.240807240931645	86.16622484007797
320.22290562100983	20.541899548989917	19.22731192600117	28.016090614257646	175.6113668189854
318.01308380254227	93.3428834458257	18.025552130820103	23.306537661904414	319.04358289726514
437.39541630430307	8.339032281910653	12.61874088898572	29.31854799428642	359.9051072568841
9.14454087507649	3.955983546110131	10.760998683630614	57.30260462481968	182.3199328710666
231.96258430270612	4.449888056326657	10.755471617015544	29.539659754275498	0.6059537209096932
83.56340114898924	55.614903465777076	15.801416107137578	34.06693997423577	310.7431929768434
146.18668200749306	66.13876181972813	13.29125679773376	53.78961040171923	169.26287558245502
255.93248361488563	53.52876869408386	12.27263585006129	29.12289950210742	37.8162952267264
279.02359849258966	66.79357015735413	14.176533777209867	28.733169006820624	186.89653622216184
441.3668658453464	95.14646388275686	13.031344242162838	44.09292959496582	321.85655142068833
358.8530215051717	81.6857605206038	15.58356512528066	42.774453939123575	155.5785838843514
477.66745859640037	9.716147595364976	14.241352620369518	46.84071351417462	283.5810230617844
474.74432743159485	3.533830852180153	19.39631521852767	40.654016144958106	316.74758712334113
89.49313133992432	10.502185801666242	18.70525409837674	36.19801829437572	69.82764174057193
362.71647700294824	23.56088586353936	15.747458250809466	35.31998527835308	306.2053626259775
275.9111712638855	23.923915126145868	12.601282504744	54.85769770996353	246.5513049277787
104.5674931518723	61.77075173274728	14.93621286163373	48.698847843965154	281.5909631644971
444.62892352951206	94.95233524065503	19.702828875881657	56.72088120577602	172.35391069567666
451.1295473861664	90.67102716593905	11.875026045707529	50.182884912338814	182.1739845140127
352.68137394251283	16.88019004040855	16.507295748523973	42.15765016228593	126.04755941694035
253.3894314827266	15.390196405911693	17.47023725896451	37.32536297251359	244.92852020988116
335.8856195150731	42.754924940638794	13.968004708105454	56.67527648102168	271.169817625297
312.81136114209363	75.10850971320563	13.454116708986477	49.63474241092963	136.9077732563969
375.82766126476207	25.054778913986308	16.603356616971418	57.28672656592701	250.48949153865632
27.359545386099416	59.59380170769188	13.518651857976906	47.68115220492598	81.22162394377565
1.0787689742819406	29.0809350213307	11.696786670330324	44.24421888476761	318.6893997273587
405.4151109359882	12.115918635309853	16.621476218830487	33.33187451015139	295.4856513207321
54.649517678634965	86.59413411432327	10.972467345510966	49.839073661627616	187.7118071493721
314.98634482177226	96.0520735717827	13.334912418135207	27.22076533806079	176.72781593429235
67.79273322740892	74.73215655384774	19.897220587265096	46.77789757608029	215.39372827175242
377.4668813115574	82.64340054135063	15.004937015201001	49.005314728127935	349.8204948549398
491.4371799879672	64.37419558815142	11.753470864829863	40.144720040781515	211.9841492629473
2.4015938655113644	17.504563720739952	14.067592318960964	42.24940537784964	259.59176847484605
139.06904423948956	15.616627615376476	18.23565852276039	34.50994565081558	327.19985169206143
200.3756167024271	51.6460774332464	12.10574556712316	33.86901639635862	180.94523765462193
267.8869062683011	30.923643905520628	17.12741739890062	57.630208320745176	245.41245399738602
413.0221601845106	98.5338548312985	13.51512220698388	38.87645818631305	329.5849491627789
456.3770240652467	71.97470266964116	11.071095166157743	44.39271902618235	300.8857936170051
360.41424447452806	95.00670467965081	18.864729210083272	41.12945754251596	322.685636954777
377.48022402768737	68.91052977848086	15.896140940747323	30.438944939715025	250.6645091171063
112.780439237887	52.48610045757235	10.313763651277432	52.97523123031971	244.96722122318656
452.43048877443147	2.7505275803239915	11.09594533150615	34.471690722742196	144.86659153635227
277.67271818183167	40.720945556476586	19.310516789999966	58.678531234156424	357.9406089279678
126.89574468309189	19.841873850428826	14.43149333405819	44.63072799953302	148.97127491139372
174.41352681551575	1.3346557662855085	15.167404991270585	58.395539619295576	5.861583577582645
325.827141948294	27.685507055930948	18.35845717856128	58.58256565493165	345.5272596832198
408.6855403041413	22.424538608058775	17.34833336781943	35.99308597498654	293.5207150946762
124.38045244697771	60.98755111836294	10.124502383821913	50.16484501417936	83.53141449735219
88.47798084793202	1.3267398339935066	14.475497922002678	50.07661378258518	144.1220904320863
467.0934416635615	62.07184063732035	12.789421533639617	38.040148460451846	312.46645130721856
369.7839510277764	40.30163160512723	19.06621215234088	29.55128868854966	113.21363281909956
15.40827964817021	99.82903841282337	14.08452065070684	44.270469330055775	180.23517174850303
381.3420582967495	15.739713766262685	12.13607987955757	48.38166627980033	58.690890639956706
358.54536244480283	30.120706918422655	17.619182846071823	43.70362103399786	5.74661427611145
340.8819560868985	6.23124782770369	19.686029017093183	28.950288214731266	289.8384735224593
270.59657721462844	64.50542002993672	18.255161667107508	35.409907968019816	10.772332793746866
156.11599130885796	10.725998958347882	11.51241733811151	54.99792006985587	324.3813254848569
52.52590020821552	53.54581173780537	13.016050726136413	36.51728283917478	183.5371736570845
325.02683824710067	16.5939642977171	14.458092702578785	30.578506615409907	28.66738697550851
426.02623514542466	71.72335626778585	11.773604485571624	48.301079609546505	34.41188111621149
326.2018895793094	44.44199260259181	14.457972166749862	44.63202642037605	300.99136071775297
294.11551490856993	93.050208722063	11.0436864516615	41.9907969869359	52.2046580749068
458.066431908824	36.029099221557026	17.66347692200732	48.201636102401025	246.10801358219345
165.18755064661562	26.1877052980907	19.506927199261675	36.664756169484136	195.19287806470024
202.52887065870274	84.65409653880425	10.231308655337276	35.71950626221093	96.83623424988156
117.47914469192705	56.5492947133299	12.118075202550973	30.301867179980178	74.94739227306654
199.16613646409704	23.07123514338898	13.146082967779993	25.034389737392576	86.08285383725493
451.4656304678899	82.06639608655787	17.320200630469287	45.07892107006096	2.1445904495144186
156.7315171798541	54.15492946248276	16.453620311021684	59.053708641249855	272.02906937679677
24.66375046713426	64.57410473588052	14.931063640136147	44.31639760890586	214.11064051755778
348.03421117341975	33.2171698968041	15.663548433779166	54.88991714222536	148.9474875169148
40.40099285810289	24.957693257366042	12.512334713612622	24.860650831592	185.6050279584382
401.7896721528872	76.37214520437827	18.51862833311352	52.90938332095631	246.70988848220534
21.30212050851299	19.173290443873782	10.593402899176446	55.98089165899758	338.72343545492987
411.4618073545592	60.976387481492466	17.12795947025552	46.5046313981941	85.36596623070334
453.13078536067854	85.59025455200722	13.979610237046648	40.98881893468099	6.288767447463566
326.6322061728081	3.4242521008112647	13.85516249775435	33.040953502525234	166.34833631540505
218.19388879148073	79.4410746903371	10.299365928777458	39.50963761620961	160.87144072964503
265.1616270439365	69.50397398086544	18.231035505757397	34.73719277343959	118.44580717005601
438.03665541121677	42.79579386659059	16.478917857031924	47.89629006601443	1.1404163960837277
72.72389585849808	61.849334994230496	19.011202581847385	35.3084451974554	42.51421547724511
7.175301294494729	68.47744516744118	12.116117904238726	38.59384767817126	46.386643146757336
146.75162331134496	81.34080080675785	18.4817501836867	48.138886142753975	269.0402235733519
419.44884565748754	17.788433420610527	19.714296322836308	58.641969967712335	147.426934365193
97.29418230964498	51.283099497548726	11.026888863406736	43.516209462588144	160.59460374565782
96.77935179360931	24.439494083972935	17.802121958896297	43.01653073095163	299.00579160721685
86.13314188903487	29.64630596846617	10.266893150561282	57.23302783833194	89.19631668027588
104.52721124967684	95.31636174089194	12.68311487094156	49.63267544324387	226.7873509108341